-0.09120005774340556
-0.08305582892798469
-0.07468206636291508
-0.06131909966458271
-0.054199728627734256
-0.04719249405562076
-0.04149526958938332
-0.03758405012814203
-0.03428713217192547
-0.031006969403827966
-0.02921753691703488
-0.026189840857548274
-0.025194657010089494
-0.023373388744739376
-0.022465884772736144
-0.020202759797033676
-0.019765875141251055
-0.019125749993130103
-0.01798639771067334
-0.016911410619381062
-0.016717468887876286
-0.015743022813356045
-0.015209368987998295
-0.014232050485034953
-0.013905781615343615
-0.013468478886439983
-0.0127989898962797
-0.01267700626865198
-0.011665415613832497
-0.011894907150576617
-0.011314273737310865
-0.010865863698370948
-0.010926309175660176
-0.010641515794150624
-0.01027239628110288
-0.009630698686778794
-0.009718515846616538
-0.009789697569094646
-0.009844255368761878
-0.009160127204844937
-0.008889703532842463
-0.008575266627153022
-0.007895738209955039
-0.00833733044960705
-0.007374764328708094
-0.008180859817608521
-0.007780786606345069
-0.0076594835679908435
-0.007191126246614665
